0.9149787010796935 0.9654014817070755 0.20465066921735597 0.06344908126989246 0.17710632582947217 0.29092438764812634
0.9173264563351169 0.6664768511864889 0.8162347319907733 0.6972213571852454 0.7442149882588894 0.4201458227401125
0.4924791551950175 0.15284700434918896 0.7157494308721084 0.7079717509740207 0.6498573062142129 0.46582436861300924
0.47395616371538807 0.4510610306957088 0.6929837612647997 0.3955173100581034 0.3459760786044832 0.783395885925296
0.9684429904313417 0.9666329493356998 0.03724569370187003 0.7039544702893652 0.9071116053853542 0.2970524885701089
0.14155266987969728 0.6751342788032458 0.8528907196896669 0.6535282552798716 0.13693310054080787 0.9336998233604056
0.022864229930032565 0.6768485101579128 0.03782329338191248 0.2364691951747835 0.5224842125920878 0.613804182235749
0.14752963857249013 0.6542665291551056 0.06677242764686475 0.46731673925602246 0.2250432300278693 0.37543187070045136
0.2032841057329644 0.10930203410951855 0.964724078428141 0.6908110986419157 0.25774489554765023 0.78652586126548
0.09039160898282761 0.08538531966736906 0.6427167254912819 0.7459940798808861 0.16555390977498008 0.014115422889247498
0.6196495558871968 0.7760860682570552 0.32531545617126967 0.0914669708206558 0.1751668890614223 0.2241717019214925
0.9547963272780561 0.27432065248136506 0.5285112064089859 0.3042998307014939 0.63404420789741 0.16825817154527112
0.2542302726683108 0.575459333491994 0.20425912179708083 0.10765119530603429 0.360068958584726 0.28519292075089986
0.48678737717076936 0.4206892319325506 0.39070035004023773 0.2451553043320056 0.8564800471416744 0.16587859714816566
0.7653186318492152 0.3718414182917754 0.31271108676240367 0.10821980344296978 0.6890507716088835 0.6843815221783941
0.7178538648093586 0.5084473333152467 0.5799921195374795 0.5177095480591457 0.714516935124747 0.6272774404001091
0.5467873702394288 0.9439090751396536 0.2557350381492086 0.5104003740244517 0.45248490821973875 0.692389129757104
0.36356697125723214 0.7524122739556686 0.3637024277880595 0.9324667733180168 0.031183828206325037 0.6658507224012522
0.849102535251915 0.8698361038822064 0.8490174625929863 0.8008930236801955 0.9064958304737165 0.42741668623106777
0.846045160390107 0.6166093255258759 0.7238912368623173 0.8923973230316988 0.7893754906412866 0.7251338376012605
0.7288204341707879 0.42120983882626906 0.8289715106120044 0.2720078128818806 0.046374419408749534 0.666625172151693
0.16109537571881516 0.7183293206672552 0.05863385930517584 0.171669061338954 0.7316711742619478 0.33757214396229096
0.8776461940786191 0.9907083870127463 0.9247765186652678 0.13328377056876595 0.1740444092736958 0.3652229025160778
0.0683823845701571 0.5019412027254254 0.9802707044659655 0.7212606778888088 0.060176128247842575 0.9071725656695557
0.24571550694991928 0.43695907017002633 0.4562188314859047 0.5362924967759772 0.04745817199050506 0.978552596858861
0.6673038758144291 0.42411226300065097 0.010787973068005385 0.9169317500125829 0.7908907611373769 0.7011218640909973
0.8933197722635875 0.2769686790944773 0.9472009153403881 0.7838574291534864 0.046341158262061644 0.46193444237590786
0.21451491978644233 0.9186943655327049 0.9297657200891339 0.6739183663088862 0.7977854202184678 0.695449290096252
0.17412635338440752 0.49833515064589484 0.618241307510729 0.6210370337110458 0.39690165845149095 0.40409097423990636
0.752588660437738 0.16047578119455286 0.3958881196935138 0.9782093720700318 0.36667991038827885 0.6635471083885801
0.17037001033869403 0.9719266570934034 0.9447786669223389 0.21679652815812012 0.4572173970379714 0.34123054929067376
0.2486294032620755 0.8660058947651929 0.5561481721219669 0.945713578965317 0.5272277968821281 0.8507505160473753
0.5573641494642069 0.23706418744664282 0.25509630433215424 0.6954316931383563 0.7422511200677907 0.44829014989560734
0.023464542867518423 0.5213280874483823 0.48352990279226304 0.47855193326565737 0.08632826863806986 0.2518073788208859
0.5592168743857336 0.542155846275406 0.19440137317462558 0.047025347270920226 0.14624085587602464 0.2553773829435726
0.07784304716705659 0.12474511094286922 0.5462356977308026 0.5382359423155669 0.2831879711563743 0.8627400621273477
0.4602296554897862 0.47480292448952766 0.4437484928030293 0.7883721633521306 0.31572342208923243 0.7877372019191098
0.26975235506086503 0.27988690888440304 0.3444064960455263 0.15947926085728903 0.43106337634200353 0.6098267993005981
0.9421484008179852 0.23805841415998696 0.8580811689708799 0.30699480292960335 0.5753824167754219 0.37170472204927074
0.9451457014737893 0.047501697037158674 0.26234497000270485 0.043188137033876806 0.646618607435116 0.28588452529231423
0.16674263766633413 0.9724217959708392 0.9700555750940428 0.4459165472148846 0.6131666445753094 0.43621332096828735
0.12477875919581027 0.2262272263691515 0.4374659283667338 0.8472873859323299 0.34233754104449154 0.3160863735573367
0.029225298323189652 0.14687033190443533 0.30091234939148137 0.3255292039503881 0.2827678091091306 0.32546474984795115
0.8023760574893533 0.787802279345463 0.33372969320557655 0.034475913925263724 0.8443580372652124 0.9729190708559586
0.6009337743467705 0.7419272455895597 0.7931522491873575 0.8326686095290651 0.8037839334465348 0.05444122887574121
0.4333179210992685 0.6093424525660557 0.3160008469797061 0.7073473889341203 0.42998440956839334 0.552348467394284
0.6212198885727002 0.11948410426610045 0.3699780787084713 0.4028789929598746 0.22983891753832675 0.8317494348871779
0.9259371985472611 0.09136863677404183 0.09524920700614792 0.9480309859678653 0.13593792677360617 0.5961405416269158
0.6561956346636745 0.2007691258531744 0.6543114665246491 0.514127994941683 0.9011516934310724 0.0916150001775976
0.18284124148941827 0.9162183532655055 0.90296723088552 0.9826487185237232 0.6856834663327706 0.8200164725792964
0.280916445759537 0.1125841151328204 0.12040368278472513 0.7421455132364 0.9518936226891329 0.04090510318419649
0.7398027909915093 0.466562541792901 0.5557082020576346 0.027124985565571302 0.6646937119336211 0.8692855444091613
0.3551997818420912 0.5980644145336825 0.9148670185521478 0.5173504998302942 0.4545277819018494 0.8698894672001852
0.7902155298467264 0.84060960657441 0.8170830732327031 0.1463624067841518 0.5787028682645329 0.8258417148635434
0.03426729925747285 0.7245276790996926 0.09857458791644469 0.7921437273064492 0.6805423682263211 0.9877007270227837
0.44404933615224296 0.7803289104855446 0.5120760169201732 0.431934156136754 0.036983064469931826 0.9322269279539735
0.3222207418075147 0.24688262450397203 0.8624911527810939 0.47043472099035555 0.2333053996315564 0.6532434843489917
0.4906158701129114 0.9247898367886307 0.753797112464953 0.06985733039915698 0.9964250783286066 0.09505459907291502
0.5949473760346059 0.22428665260717173 0.4398129692721582 0.12703121953647478 0.10706933184371992 0.4585772983460258
0.7710926217947648 0.3391708906204818 0.6771546365610183 0.7836333140014038 0.435953506566483 0.629984302659579
0.7906944760648199 0.32958985431261645 0.5843652653311352 0.6182688874312445 0.0540189582155598 0.28739812249936847
0.5265309083541857 0.7170642823812747 0.4903941946228906 0.2519283683873106 0.6686439115610221 0.5384969133170625
0.05291368611028269 0.8589069146399786 0.6034995925127516 0.7191511414346414 0.589084598855449 0.878673273449758
0.774645001598924 0.48695659418311754 0.8263552236920297 0.3143189768944138 0.05585423712378257 0.5776099001698809
0.7339491544270775 0.04964453833981575 0.7511817162785641 0.7506771684148794 0.6445332437257663 0.9680485385835258
0.23710986392695121 0.7475838100182485 0.9119580238624476 0.9389701124169565 0.6483456107532994 0.635834566801399
0.6464515759701062 0.5665720406602038 0.788028966403028 0.2983872856205366 0.1824076058240025 0.5536473764307982
0.3487171321343415 0.7036184807174249 0.1410659316668863 0.5827242888662818 0.30052288903504065 0.2164247255713656
0.2125246217723149 0.38354634053612824 0.20694086551189894 0.8626957620511518 0.340638341258628 0.5869557673381849
0.33773702501840897 0.5192097240302886 0.5916459495830085 0.43948307927498786 0.516407420371731 0.2535725894213352
0.751902465033929 0.386809683844049 0.22201788996646998 0.754072697829481 0.9596568711232609 0.7791030412101613
0.5582821016802443 0.04902039958146309 0.07278025267605082 0.2419056295582077 0.5715835548847682 0.22431605977961178
0.5551697026145903 0.3896742989401145 0.9491004521541199 0.6172383439318102 0.1728685860577691 0.9399607497654615
0.013365140665282493 0.012289884184601307 0.5380187688748836 0.5701201398239509 0.5546108131505163 0.15809665905228965
0.388351207584802 0.3658654011841558 0.41438397315648023 0.39186922521542455 0.3457171645019187 0.1050755791667104
0.26817611032853483 0.7061416961131574 0.23128998557156055 0.3166397190413138 0.24546045988798526 0.047576313777187185
0.835941626871703 0.8914297031790309 0.4541363387563101 0.09133147496914029 0.6982952577881388 0.3027210031326567
0.5369529660006357 0.0005567512117317097 0.0038940030220090405 0.8373030216702019 0.9873031960678378 0.13121845662286946
0.1976045406107021 0.8290159210516603 0.867836058082925 0.4352974749942131 0.7088839007842421 0.9445836711954971
0.6651245650971003 0.8204430165187265 0.5685892064528464 0.8796706622813452 0.4751216084204559 0.2519408561630172
0.4484982255558029 0.6315768659502669 0.27247060730645767 0.14413704149618645 0.7615409082920714 0.5781726863122668
0.7305346506872499 0.24530147346207754 0.8830878343776313 0.034637793570669095 0.7097951927791172 0.2742681171174792
0.23395421824355034 0.6293341411670973 0.2586978936099311 0.9429571366545594 0.7960023199758447 0.7554821807092567
0.21265729799195177 0.5595598985313326 0.8189831478894405 0.22046662641581716 0.42685704898860666 0.9179068011493017
0.8810978381325854 0.041775198237171574 0.8319217807051364 0.4300284500845316 0.6422183476698852 0.7872870128985365
0.8856702482753506 0.7253000123933723 0.14358848988557804 0.6819772910620152 0.5765881349318505 0.020558403467289432
0.7040850265020953 0.7974611746010938 0.3348543970734674 0.04636927017518244 0.8138277517761865 0.5689836185052035
0.2884796285502954 0.07594249819000298 0.5273645277426366 0.9711848428797738 0.4075137692878178 0.04972751352504412
0.29458827335195037 0.6214896020009157 0.8897773383191889 0.9054574777046713 0.6120753098100206 0.36658958287739896
0.28568092049940086 0.932445547359129 0.7900454630107346 0.9355775327751564 0.5288666132240328 0.771948498551536
0.09627173233049535 0.5230509406876324 0.36555092518718124 0.07951850896554413 0.5162557986067051 0.8789847398089154
0.10007099848525747 0.3770178296773915 0.8007207541712157 0.7826518694496916 0.8074489750419496 0.43539622644855924
0.04969287458890925 0.45629814159142845 0.06647105677308462 0.6181190026499299 0.4009274758125432 0.49317734773933963
0.841228025552833 0.8209272577928132 0.5892596070095668 0.10791007989562029 0.41554101716916214 0.8137776911821226
0.9838990648651234 0.17803978286719657 0.7426946572278659 0.9374087899433574 0.5064404378562887 0.32388458642530416
0.03126872028322347 0.27200681331058774 0.12882306501599095 0.7736495313869469 0.16643551649558452 0.1511318042839226
0.6503422844205511 0.6066551020166878 0.5125736526331197 0.778368413057861 0.22465401842154575 0.0801968880306062
0.6341063313990479 0.14459609196565393 0.7734076465240614 0.7354526902741578 0.6693382243789996 0.21318244602130765
0.2561385209379472 0.1592113542756124 0.6655713103577138 0.11026749622529497 0.42965724017683393 0.7718955789833618
0.5539997117672968 0.28371742632325614 0.5172306162110625 0.20265916316064758 0.08739367796345143 0.4414254332859433
0.12349889584511708 0.002091961850801405 0.6899631302014001 0.18868468318080434 0.5297050134662705 0.4489059163588134
0.290245333505335 0.43491019835590117 0.039937155760854215 0.71506514310462 0.9846438494321883 0.08037901600442343
0.9318165576402796 0.7696696816213284 0.7835146092223534 0.44782674514705634 0.2852397486616707 0.12641525435901235
0.9987703711370078 0.34056645591178447 0.487812657878131 0.26258868420912174 0.9555956550051198 0.0771209752956612
0.7785107100386963 0.1392604601185372 0.07997944934816359 0.2762853319696752 0.7572508436409997 0.8066015025520227
0.8255207429549128 0.05829507339691531 0.1466278946684617 0.8361571806481671 0.938809555275645 0.8511151220686788
0.5782265015136032 0.4526286708050766 0.2476458131268906 0.022648797462224812 0.19300798383766293 0.5897031337978803
0.7853255182491784 0.4908146859991711 0.052075571420387656 0.601694264617116 0.7195475818716597 0.24208057369270153
0.7787560871627801 0.7147578730432668 0.2505117122170686 0.4069191442741309 0.8340638426292967 0.9872475290153507
0.7384816003526896 0.11988866299483802 0.9296996028899456 0.37081508818615483 0.14257393285669617 0.46851040018858237
0.5234681772264228 0.8868164874630918 0.9361396355819549 0.9725855184535143 0.9452900373551901 0.5953141892956995
0.9476881672191092 0.04232457470343498 0.6792761305619002 0.7590980130414887 0.04527016528337624 0.37149220258646476
0.43795125422302195 0.9393332262504226 0.9678069308579508 0.6827839994125868 0.5367890339959124 0.4104552156829897
0.3864282784408808 0.6630592916743956 0.26439684421331766 0.4215381382769261 0.11976706981667995 0.993048416005826
0.5633211374079823 0.8821735460538846 0.5196374080982463 0.9020510108092691 0.8199561463218316 0.36885508192766137
0.6543631187534873 0.36777801657124776 0.586001689940246 0.9162928629790881 0.38098055294488986 0.5250403464832064
0.8892830459373674 0.09946372772010958 0.287978640448743 0.41959707407666325 0.1830562326578382 0.6426368417871718
0.8457374913249792 0.8774520523272707 0.940862852660238 0.24509151726734957 0.5358256962331568 0.913891585670445
0.7756304735542833 0.8051069876007452 0.9562640991383689 0.35267783312985845 0.7410126372608823 0.9925485365182557
0.942459978466686 0.1514913208875669 0.2082139297736061 0.6532147108421122 0.06613273233828543 0.6015704627467223
0.40633317338109065 0.8902393436604532 0.0018690009364771276 0.24224111350841515 0.0190229532637346 0.07214073812403754
0.4400693328854154 0.5318006505788634 0.19234567600356556 0.42148875777108463 0.6238399234550663 0.42122675987174873
0.21194729286507097 0.8733046590582483 0.7144396710133953 0.991104987796418 0.32183384680463745 0.1449403075686997
0.15465925441484785 0.42993164981917786 0.10952055890155787 0.26901908808443953 0.31293677097018713 0.8986189558093042
0.6458829276797035 0.14333368801852753 0.29769636564794577 0.8375312769766393 0.7800527191024939 0.6555396708001674
0.1934623871094704 0.5786826914313186 0.3871503086486362 0.2695659551088577 0.08525222214248307 0.4136970849921954
0.9523911313772301 0.45759487409081756 0.060669894978818584 0.5937678810541618 0.5014210811935577 0.6068943385387865
0.1787914316734971 0.5096222883750305 0.8009890920641747 0.852661882415331 0.9413533087732443 0.10674044665825189
0.898960018857183 0.42331331767979596 0.6964957213889398 0.0652117156836236 0.584883828231345 0.1390567153105028
0.6901557682990146 0.8315247430620815 0.46178748427103244 0.7477971607747345 0.9755085605353832 0.06754818580703559
0.47124281512668786 0.5840398837217672 0.9354128097727098 0.36461235652868673 0.8891404864249015 0.41590128115888625
0.8085811824600008 0.43935853528495616 0.08612855635296623 0.47305935908688856 0.5220320405122965 0.5095175872116412
0.8243353683168516 0.6784838149907946 0.6852540301586084 0.645371810202035 0.7976282537419644 0.642703749750723
0.30526241745047245 0.6277125517063111 0.07185357468648834 0.49589287279589656 0.8604417701440136 0.5089451310178223
0.3711328476271978 0.20861689608747902 0.4049651895879608 0.5662646721061838 0.10297401143259166 0.7916653572063468
0.27220404097914985 0.4428789067928419 0.6174956209580926 0.25362661829856603 0.9220548925527479 0.1648172623101648
0.842141211028685 0.11053519926924793 0.3356184185147447 0.9538261008742697 0.6648274558962666 0.5105615267897444
0.7366335703661101 0.2969351710268171 0.3027609664954204 0.9894150594343671 0.3118707687416814 0.6423354145637138
0.5883495233584821 0.1292574284419873 0.43908814709109134 0.8238036122124867 0.8203372498286156 0.6949203323363702
0.648150376377523 0.7929880695355987 0.09564119118500136 0.481790575711587 0.630773976164329 0.4078661254433489
0.30719405504830355 0.1630188994063646 0.7689299740749583 0.7434478448892327 0.5412876034392828 0.36502313207087556
0.5082383890082712 0.06389727499456654 0.3513753314156972 0.020063597809538924 0.616276746904862 0.09177398409834647
0.6789893154135451 0.9932004215379853 0.6306355450007785 0.05024866962988339 0.5742147112421161 0.343256568327847
0.41177350774404475 0.6118028637555197 0.12984545159325556 0.6592608088510634 0.8024109718108657 0.16113451936864043
0.29573568665181604 0.42604933380980525 0.5697418222811937 0.7655201182501697 0.12751834439895926 0.07587410076131706
0.6660482743414248 0.14485307439296413 0.5592925502162315 0.7449022729455878 0.06414666714432526 0.03332485575507116
0.8281487184912949 0.7910321049141579 0.02926625798910054 0.9512195070715568 0.07913959292224393 0.5002209295692418
0.45865836532607696 0.46226063343494106 0.7955893968092929 0.7795360290555226 0.2846405678641871 0.002630330610061904
0.8722493138382302 0.14623959329561842 0.4015066805768688 0.9126311549204476 0.2605991678472075 0.3971544501622063
0.16684955049636863 0.42087164159666746 0.3996707959502154 0.49143843189762904 0.8242151060461235 0.5201715834496574
0.1652560150274488 0.17030634134439737 0.6972725693902154 0.33134711533343186 0.6450494097575321 0.4985376144384417
0.9745221940124058 0.006890987002374893 0.44767693441269196 0.2580755977524133 0.9623311840885858 0.7695923886842816
0.633416231091575 0.7595612045822523 0.8614945673249189 0.7901468625093225 0.9428683550075004 0.8955759904025643
0.7905973831385024 0.2011384724974129 0.9782260626890527 0.5880378758349238 0.9570694578128222 0.706523930746683
0.9721751366484748 0.4483149937428623 0.8207301415407544 0.05613026544059152 0.9255328888715185 0.6298992178236306
0.35119196532419605 0.9923507221994097 0.046541512690049025 0.19469092482606742 0.031817086290905516 0.8143963161906674
0.8029298172195497 0.8784937084842939 0.9522711563861079 0.6222003341925605 0.3773087524499703 0.7576184979896253
0.4423272651656238 0.8691446227929948 0.8483384750924448 0.17674356908115363 0.3604045974041806 0.5145103166854209
0.7479882665063956 0.6132638945193493 0.15021268842376345 0.9053985671852185 0.8482619263126657 0.805310410983487
0.07514848982710431 0.08300360112450356 0.3297969290927725 0.04131200224333342 0.12875091416571738 0.4907675224646968
0.528568927710479 0.45972213033407927 0.9690028483470828 0.9120029925315967 0.16661581416865479 0.8265679157280041
0.07859241901278169 0.7182868750655826 0.7341862952967538 0.33130615055052814 0.6454033957512371 0.001630300500916615
0.24660752338269143 0.2814664537512127 0.8470531936170776 0.3527544342005633 0.7373814361257328 0.9924833610204159
0.36081921809150774 0.13336808394823818 0.14341520533282626 0.8869618880280361 0.21197625595338354 0.07800780977595723
0.6615213968689991 0.020595841422490713 0.4505170894495508 0.5961170197575743 0.38936485242366403 0.36875472488711725
0.4525185029818761 0.42926773489664394 0.8837175624463806 0.8449244262895682 0.009956294387437281 0.3046117307579186
0.6943903765678787 0.10430131998695258 0.03274009289747726 0.4532076451455679 0.45180187512835646 0.23744398445780934
0.6409735975583188 0.4555855285599977 0.7217948507452335 0.5884383606481514 0.677521421283808 0.07261172084232981
0.8122892766035351 0.5602236852424615 0.5324900927932384 0.3417385906811522 0.4081458979766812 0.41564368251836703
0.9481785807599613 0.2770022573550516 0.7142175757904007 0.06684550689450308 0.5593527175248936 0.3811562755109553
0.0583832899495883 0.8314269155289283 0.23385811643876686 0.15769210999640781 0.6829793948506729 0.3332863032159501
0.3874206552471785 0.9790243099310535 0.3338519591086899 0.23146720706873347 0.5753457063887466 0.34686806297811346
0.30124420050942935 0.5929197052375882 0.5283823053479266 0.7217478794169956 0.12213287630392211 0.8316358499116091
0.8078311897350837 0.5732946560501644 0.033510771406467965 0.46917379877174903 0.9508220006280899 0.2608099032264942
0.7658844973823822 0.5966454191094624 0.5190175493769579 0.7213832840455408 0.9644952738808515 0.24777839908242272
0.37311696202418076 0.5131018598202003 0.7904721231405555 0.9283811396277765 0.358185070817545 0.615449707310593
0.7204464548870524 0.9270630635696203 0.5470538993607157 0.20629275019245985 0.35750296902800727 0.10389215751783798
0.2158718777203873 0.21440449534763373 0.5696982299008234 0.9845322881509329 0.8572280345752971 0.5605530316140586
0.3052488872863618 0.7596819509684252 0.10797080470138942 0.4468297805901996 0.4718588510449213 0.3605155305420442
0.6713322529969471 0.6974107246402044 0.08157181879924624 0.8239964590556251 0.21215773986818953 0.5461687301065778
0.4226514903311427 0.9982195379935358 0.9202844112757409 0.9316675842847979 0.9650148229348843 0.6658867374562556
0.9930681537347524 0.5753234284560653 0.09937890846099229 0.4703135386724028 0.6841093918387965 0.0691212224161103
0.7013417084912662 0.17813173201689914 0.034542652028225485 0.41721073645319673 0.9525515306036566 0.7965511614325811
0.5220150601204279 0.8180266394430349 0.3802940041597793 0.5350409959470932 0.012942498947553394 0.4809785535011961
0.5114634963299318 0.2055181848664802 0.11310726890737244 0.8152282321177208 0.5627830638193894 0.6929992779798976
0.9643884192902796 0.7002931277105402 0.6388509373889018 0.7961324439996502 0.658470916434283 0.060375127893454894
0.3112320029771395 0.28308537325926453 0.12991396299285196 0.6096663872422311 0.4733888522819404 0.1407913288880276
0.975376504702297 0.3251144778767112 0.6644886692761436 0.8266814109697153 0.5576688885820706 0.3782539236970792
0.7367764310907535 0.35967909069131954 0.7738910254154869 0.4763111596537253 0.6864252137318285 0.8357011258754413
0.8617419699869645 0.0288927348003587 0.04337933380591952 0.4654987116088477 0.18319892177703923 0.7116486637019945
0.30402526904558547 0.7394162376860893 0.059675380724237836 0.6815218104384502 0.2570415803122166 0.6152251389964017
0.5404005450155651 0.1961715354595711 0.20368627846346465 0.46896295301779234 0.4946254200760202 0.23783810202866618
0.6584052854691306 0.6963365892198012 0.8170077090839607 0.5255827020426846 0.44130300516963494 0.9904997050144865
0.11926393832451365 0.7504020600086333 0.416472814181265 0.3964736940621648 0.9455407030139781 0.6944169154271543
0.3685705032208879 0.8648900378851522 0.6847192791758893 0.593063056675432 0.8254279933765853 0.4381476355748358
0.3144289827739545 0.6256615956843159 0.7679050819384472 0.4953326742463824 0.6252961997977939 0.5820436967385209
0.23732372018713288 0.3384693358930476 0.2667111840510278 0.4896079949168798 0.470249979593269 0.7300075075093715
0.6930704847664835 0.030881531899059178 0.6373548821846505 0.25337553839438376 0.34270134589817025 0.3132042702139962
0.06664325697144213 0.2743651307399121 0.15779140117320434 0.9607372264906018 0.7533698233363018 0.5110414230889254
0.2712754750210066 0.8317309696209405 0.8999391052977355 0.13492053336210152 0.7507698090270314 0.3730820412962592
0.5771392024116381 0.034992289978453495 0.8566243726343111 0.9534820238138066 0.05040586802713509 0.26443455816240413
0.8768516225983001 0.03975824954398666 0.608221752761649 0.5702034788358038 0.4331585784745866 0.37179445023900415
0.7859543065762232 0.8899159261525221 0.20918344336386518 0.23875065065124623 0.34577404075349305 0.8113090339533896
0.32870861584485667 0.15216173286558188 0.6164033881720615 0.6435708413839065 0.7530738847365093 0.7119557205998007
0.060969795622165424 0.7976254501453242 0.28182349114090377 0.45049885209290697 0.21177588163094052 0.28996711387287377
0.3063023448775031 0.7400563579769995 0.4995996165682637 0.4710829952379434 0.4016694777929164 0.3468742282974209
0.7740630303941578 0.5629769993594226 0.4431016662157625 0.8068087138473874 0.4098716545035963 0.18920553882755886
0.10726881872537286 0.09567133049652887 0.21872436337108847 0.05930166930842562 0.9143848562792918 0.931378073034505
0.8014972043948799 0.41541445288904866 0.19994386728684455 0.5110888329516 0.24892901604423467 0.5199163926683402
0.9428719683178663 0.08608377008532364 0.1820151115127221 0.9090088609373153 0.3983415117503729 0.34154389667170726
0.14187686072308658 0.5243185528510292 0.6486824664370757 0.37823229592955854 0.9895531723342229 0.8779282101444013
0.2670274337392481 0.10908892927051816 0.08317953431043756 0.16021524984503943 0.47996966517773176 0.4321872391748589
0.4581452115061295 0.11228810792795507 0.08231420641414766 0.776190832873283 0.44752024193297435 0.23971363743306429
0.2667253727348897 0.6482860859996404 0.9893505058106902 0.16669856747775624 0.694922740682223 0.9316805680493497
0.3691279025826377 0.8334976061867573 0.01161486300748904 0.16982320644666526 0.21784867417452924 0.03779848251897977
0.863178915976723 0.8760069367403561 0.9705071398857185 0.045697750353761 0.08510157085638403 0.46274295071425764
0.6413450008272541 0.37616553115376195 0.05282591779165713 0.033093619372910665 0.9606920024628804 0.7940182909166813
0.5927368259138227 0.9976965192796406 0.4764482587014368 0.49977288915940277 0.7810860942001417 0.82482883559023
0.41965050127001635 0.4854209158185775 0.3864331122697926 0.20661114589915408 0.995858882451921 0.9942397824722867
0.9211843190225846 0.3241341522147734 0.11608231524059853 0.6087440525954291 0.7426267030140651 0.44714759876901444
0.17814347201589054 0.8341577669815362 0.7284353328455171 0.41796119185175273 0.04440613086953893 0.37470643145281424
0.5000448714971237 0.4614805005523389 0.7643571228632776 0.9596763530624391 0.3161348858227727 0.37051606380459734
0.18823810897064874 0.3265535758516267 0.6788686249855529 0.6399826968646655 0.41265462791883256 0.8794405508712891
0.8654478592043302 0.12356582276797612 0.9123150218332307 0.15607912963528148 0.3153783350092556 0.707013242668015
0.7024314052386434 0.6876546555148362 0.23520849406937094 0.1505232731690278 0.21945888977279404 0.3262626872946479
0.014342903412218444 0.546953016072982 0.1807370948997049 0.8512446343622372 0.8439748504013288 0.4018042883392833
0.35542413781271975 0.6063521363180296 0.5954951033047355 0.02662436136585744 0.13292692152533025 0.15765336278368225
0.41795122641939164 0.26671254150775026 0.7442609125746467 0.4341983346370307 0.9583514749291421 0.8852095188540247
0.45377205453838354 0.3560754499024513 0.06353070233160152 0.8987897426968836 0.8173675787115102 0.9510898343089234
0.26871961727631755 0.2780846915944756 0.07431419010599816 0.020485920169554417 0.9864061473143301 0.5592323481889997
0.9003816043911934 0.520108723437546 0.15372883098301993 0.934409205770742 0.3321151695499075 0.26678426619995277
0.6772990575386006 0.9129657630886525 0.0283876540029272 0.16226352447712455 0.28840884509218734 0.7714237306771955
0.49961291313822564 0.0663386275772827 0.7346251276295976 0.7182300432156096 0.029398753282767642 0.15829649001357637
0.3450821183418439 0.6990466914965217 0.3852116792349337 0.07309526401746802 0.16688409798817483 0.019622697057681715
0.3666369214626074 0.7829634192154377 0.43864420008270244 0.06469735638057705 0.854459663678285 0.9220184277666448
0.9434909939580436 0.8431995812180973 0.9359084500724266 0.06445269190876934 0.7539969069389147 0.5482500423666019
0.4187540095450015 0.05346973183587278 0.7984034842033388 0.46906390665091435 0.6918955482015431 0.11275919780124166
0.09439301872284389 0.41081148815668245 0.08324388979268393 0.7001505576454586 0.6015849127001831 0.4309765695554889
0.6329768812802221 0.5972357983853188 0.18318866291817026 0.7470207483091387 0.11804872877129546 0.3850290831546689
0.37553930328277974 0.9996622890268614 0.4201935730994466 0.36613092663460123 0.010038723077095413 0.3158214007490354
0.22125661762729032 0.2741887193561515 0.6560826099181107 0.22721344691718348 0.4813605509792168 0.2924774195395552
0.37967730271784017 0.9958784515907718 0.74461311181922 0.5330144162478782 0.7459744597163758 0.4508441083079312
0.7493780130973975 0.62001455237491 0.6493633875554649 0.8910969335309494 0.11059091984300251 0.3103977391907211
0.17081481870423754 0.6598820099707252 0.3372709702390517 0.03600542512103244 0.6278134798157793 0.1695683456926309
0.5034216296598973 0.6784003738046989 0.9313742983788973 0.6362472438115493 0.86282631131701 0.44388791602377886
0.6450351107892057 0.10501180742151184 0.708815029461385 0.21473879365573523 0.15308933758935717 0.9359125879381396
0.7709981678207158 0.7303366587478602 0.3448223780056564 0.499317864408901 0.12309350798362795 0.511536970230325
0.19711633818900853 0.3256721510449414 0.6174213224510454 0.3337648202270074 0.6311151697364841 0.1349707076899157
0.4582981342428545 0.5027496270120074 0.24673627690382482 0.8605948962033172 0.9899047577341873 0.447382281666423
0.418149661599022 0.7467674672297636 0.6133275625707263 0.7240186422814892 0.39603673832687325 0.10116680372694153
0.8876351403980239 0.23636703625310018 0.9967616406231835 0.10252408372343047 0.13621673381453903 0.33930973699868194
0.9191115966405987 0.16046919415483651 0.9238602780053724 0.2879712117457143 0.3190417101181098 0.2932809243270258
0.47512463868473775 0.3745858285099942 0.530218516995294 0.4694632581372933 0.7692403492957206 0.44097172113435346
0.7075752731238871 0.2787208693126044 0.20587296227340013 0.7936638928758764 0.8453073402873342 0.31471180267885557
0.7998567422035737 0.28478272462404086 0.7305586544899642 0.25110805373299483 0.03286532028029665 0.38737919906321794
0.846094895794922 0.03502124474062007 0.5178469718677245 0.22287907830908205 0.6165941907894218 0.6025464661829676
0.6667730350371734 0.07064886416727578 0.5808505237576336 0.7629854567106419 0.33324378994739823 0.2986502224549622
0.5213697691404163 0.9063092158620949 0.4969156246048827 0.25115632990142156 0.594921012701291 0.593287469766872
0.9802917962215997 0.0560520904908699 0.7984695186827055 0.8814849122382901 0.21888140959504865 0.15001213117505896
0.7218486054687747 0.04365699075870588 0.5835428329507135 0.9763532662453367 0.3328735611947614 0.979527090688023
0.13609651434640957 0.891500366531158 0.15139205383515908 0.819548895524321 0.5994133099683284 0.49542897359702487
0.6943771374737897 0.5088609154940388 0.8875340794245432 0.2761134927971226 0.5535440674387312 0.835665839433619
0.9263472666327471 0.08114000367837015 0.07112460223237405 0.951147345198567 0.37132686526162506 0.9445830909040223
0.49414231475122417 0.7221371645219536 0.7236281023109644 0.7537084914199378 0.8818950074350703 0.22550384886311614
0.9627265424271546 0.7792925187899201 0.642410634405485 0.12459747128270526 0.9866668694820871 0.5758952327148312
0.9622755371804241 0.5241264937194631 0.4212422116280996 0.29770966951054467 0.512730809689536 0.05381139630817455
0.05015891126807792 0.7424719020199843 0.41110404091732256 0.4019894694632403 0.2187656358278247 0.5755095828694701
0.24772873897930114 0.8669277035896674 0.07936414645602241 0.24963202382954863 0.23026677324568356 0.8414140333827648
0.2440982568304474 0.8994337338223929 0.6364827052331417 0.37310691843367483 0.9222680557957574 0.701503609967089
0.8234737462228434 0.24335411150137398 0.4133800872056306 0.6186561294267917 0.9133441300768881 0.0024533429948179197
0.6730712087701582 0.6837948908422673 0.10034158435625817 0.8291428366653182 0.824985245777888 0.05536315158602434
0.8618602611532759 0.15984126257639686 0.44591494666366716 0.7446967207904394 0.09956550990291735 0.0969946951741355
0.9116162581462867 0.519600696189731 0.7980858486392053 0.5467895843681109 0.06179733311771296 0.4429392644301263
0.8638432788505549 0.01950488555454244 0.567150245617002 0.2489800440238379 0.4321854843603651 0.2620575012693779
0.9366853266035958 0.42894813672058263 0.34635370368221996 0.22101108245983714 0.5697623076696822 0.09456137705263801
0.8444030725475683 0.2907208606182361 0.47702438457336704 0.5810080497670803 0.338393397182995 0.08673044963868859
0.09864526268900853 0.13250005830777234 0.6502712268252304 0.17688574297986392 0.6221685914407492 0.3936390146368607
0.16801285304750635 0.5551479344225484 0.13782560282570577 0.9452365061671943 0.5367679272566801 0.43899521766573657
0.7682568800546133 0.8797525668476384 0.4066097044294571 0.712051556724896 0.4246065871902942 0.4986474282571878
0.658825679599817 0.562979821130201 0.488759277092327 0.8054300917797043 0.40738674787566787 0.7394839150165062
0.5376404882367466 0.7865102118460476 0.36042248742526084 0.5299580631718881 0.45483476313197624 0.689015132703399
0.33447534428271486 0.6817108451830911 0.7043623632876077 0.4572974134376292 0.873837607543699 0.7909307067559425
0.8310408407419171 0.3197221314859702 0.9886302768552377 0.13914389707047303 0.5200302302334363 0.3410704627630804
0.2941792223134386 0.972615928677403 0.8324229408772906 0.8023281431038253 0.2842524778914062 0.4431992503775518
0.8595131112080705 0.09682974482818774 0.20364920527398245 0.1105020688475905 0.4553924922791621 0.9629302352622069
0.7695529281356569 0.36181419538758497 0.8384852826462548 0.6184449403262761 0.0957185362305022 0.34951602614351795
0.9535817676614523 0.4549841598814347 0.7529931314602798 0.5642564557568318 0.13583132910855966 0.5002084891640731
0.7040716761586429 0.4734659716994768 0.5524867415748625 0.223380729386928 0.4548800273132426 0.8869347621958285
0.9875313468234325 0.23849772386831558 0.2552650595149888 0.8196568357134145 0.7981244561849358 0.915258931020922
0.2822019033008908 0.7312898291511242 0.12929432958662201 0.2954451919180804 0.684205794612397 0.4106662047305015
0.09219704240299331 0.3851375643467072 0.5972539944844354 0.03356578062489102 0.19612771612246305 0.39192103606592077
0.7849489002734973 0.1348977416790036 0.9445842507929886 0.06126530296428534 0.6362470274623212 0.7138005586633551
0.670871238221903 0.09267442711137874 0.00396157246868889 0.36284755288743764 0.2626344149373927 0.6079545791305088
0.6736683801780387 0.8226882421322707 0.7861283736008526 0.4967914509824354 0.8597355925977431 0.8744424480297912
0.8747246294169372 0.6500623339233579 0.6530242958959518 0.6530279707644807 0.8072486627648043 0.2319624814634964
0.48945246229958805 0.4663697183553862 0.7952138606735041 0.6574656557685945 0.590589513882289 0.9170102779107584
0.15667427555426916 0.5228876981963146 0.25507037992819726 0.7214850549001691 0.8945089490122792 0.8511626328656333
0.9660997660228605 0.2521799215946928 0.393830198679897 0.9990031124935483 0.9969114086942567 0.1995063384584188
0.8860939424918414 0.617797828190932 0.7477284562491611 0.5505222544558285 0.06867587876049841 0.5203673780552529
0.790323532998215 0.9963187901797872 0.3512471644886095 0.3979356617024704 0.5683874745507326 0.6068471052824296
